*COORDINATES
8
1,0,0
2,6,0
3,12,0
4,18,0
5,24,0
6,18,6
7,12,6
8,6,6
*ELEMENT_GROUPS
13
1,1,BAR
2,1,BAR
3,1,BAR
4,1,BAR
5,1,BAR
6,1,BAR
7,1,BAR
8,1,BAR
9,1,BAR
10,1,BAR
11,1,BAR
12,1,BAR
13,1,BAR
*INCIDENCES
1,1,8
2,1,2
3,2,3
4,3,4
5,4,5
6,5,6
7,4,6
8,4,7
9,3,7
10,2,7
11,2,8
12,7,8
13,6,7
*GEOMETRIC_PROPERTIES
13
9E-2
9E-2
9E-2
9E-2
9E-2
9E-2
9E-2 
9E-2
9E-2 
9E-2 
9E-2
9E-2
9E-2 
*LOADS
3
6,2,-48000
7,2,-72000
8,2,-48000
*MATERIALS
13
210000000000,210000000000,210000000000
210000000000,210000000000,210000000000
210000000000,210000000000,210000000000
210000000000,210000000000,210000000000
210000000000,210000000000,210000000000
210000000000,210000000000,210000000000
210000000000,210000000000,210000000000
210000000000,210000000000,210000000000
210000000000,210000000000,210000000000
210000000000,210000000000,210000000000
210000000000,210000000000,210000000000
210000000000,210000000000,210000000000
210000000000,210000000000,210000000000
*BCNODES
6
1,1
1,2
2,2
4,2
5,1
5,2