*DISPLACEMENTS
1 0.0 0.0
2 1.9305149323445088e+17 0.0
3 -1.8227733564769942e+17 0.0
4 1.9305149323445088e+17 0.0
5 0.0 0.0
6 1.1438480575003379e+18 -8.07673455646288e+17
7 -1.842607565037235e+18 -25.524315730494067
8 1.1438480575003379e+18 8.07673455646288e+17
9 -8.455188760567875e+17 0.5024979709371293

*REACTION_FORCES
1 FX = -2.781508404222944e+27
1 FY = -2.1733962005344237e+27
2 FY = -1.3875226476730356e+27
3 FY = -1582868608.4519575
4 FY = 1.3875226476730356e+27
5 FX = -2.781508404222944e+27
5 FY = 2.1733962005344237e+27

*ELEMENT_STRAINS
1 3.217524887240848e+16
2 -6.255480481369171e+16
3 6.255480481369171e+16
4 -3.217524887240848e+16
5 -1.6262679276221888e+17
6 3.161774231819885e+17
7 -3.161774231819885e+17
8 1.6262679276221888e+17
9 1.3461224260771466e+17
10 -8.654753077426987e+16
11 0.08374966182285488
12 8.654753077426987e+16
13 -1.3461224260771466e+17
14 3.315611555928542e+17
15 -4.3378022835718655
16 -3.315611555928542e+17

*ELEMENT_STRESSES
1 6.756802263205781e+27
2 -1.3136509010875259e+28
3 1.3136509010875259e+28
4 -6.756802263205781e+27
5 -3.4151626480065963e+28
6 6.639725886821758e+28
7 -6.639725886821758e+28
8 3.4151626480065963e+28
9 2.826857094762008e+28
10 -1.8174981462596675e+28
11 17587428982.799526
12 1.8174981462596675e+28
13 -2.826857094762008e+28
14 6.9627842674499385e+28
15 -910938479550.0918
16 -6.9627842674499385e+28

